status: success
msg: null
scores:
  per-episodes:
    d60-ego0:
      deviation-heading: 0.0
      in-drivable-lane: 5.999999999999987
      deviation-center-line: 0.0
      driven_any: 1.2593427869279754
      driven_lanedir: 0.0
      driven_lanedir_consec: 0.0
      survival_time: 5.999999999999987
      distance-from-start: 1.2379404314042868
  deviation-heading_mean: 0.0
  deviation-heading_median: 0.0
  deviation-heading_min: 0.0
  deviation-heading_max: 0.0
  in-drivable-lane_mean: 5.999999999999987
  in-drivable-lane_median: 5.999999999999987
  in-drivable-lane_min: 5.999999999999987
  in-drivable-lane_max: 5.999999999999987
  deviation-center-line_mean: 0.0
  deviation-center-line_median: 0.0
  deviation-center-line_min: 0.0
  deviation-center-line_max: 0.0
  driven_any_mean: 1.2593427869279754
  driven_any_median: 1.2593427869279754
  driven_any_min: 1.2593427869279754
  driven_any_max: 1.2593427869279754
  driven_lanedir_mean: 0.0
  driven_lanedir_median: 0.0
  driven_lanedir_min: 0.0
  driven_lanedir_max: 0.0
  driven_lanedir_consec_mean: 0.0
  driven_lanedir_consec_median: 0.0
  driven_lanedir_consec_min: 0.0
  driven_lanedir_consec_max: 0.0
  survival_time_mean: 5.999999999999987
  survival_time_median: 5.999999999999987
  survival_time_min: 5.999999999999987
  survival_time_max: 5.999999999999987
  distance-from-start_mean: 1.2379404314042868
  distance-from-start_median: 1.2379404314042868
  distance-from-start_min: 1.2379404314042868
  distance-from-start_max: 1.2379404314042868
  simulation-passed: 1
stats: {}
ipfs_hashes: {}
