status: success
msg: null
scores:
  per-episodes:
    d60-ego0:
      deviation-heading: 0.0
      in-drivable-lane: 12.850000000000048
      deviation-center-line: 0.0
      driven_any: 1.4676729380944982
      driven_lanedir: 0.0
      driven_lanedir_consec: 0.0
      survival_time: 12.850000000000048
      distance-from-start: 1.3649489750159873
  deviation-heading_mean: 0.0
  deviation-heading_median: 0.0
  deviation-heading_min: 0.0
  deviation-heading_max: 0.0
  in-drivable-lane_mean: 12.850000000000048
  in-drivable-lane_median: 12.850000000000048
  in-drivable-lane_min: 12.850000000000048
  in-drivable-lane_max: 12.850000000000048
  deviation-center-line_mean: 0.0
  deviation-center-line_median: 0.0
  deviation-center-line_min: 0.0
  deviation-center-line_max: 0.0
  driven_any_mean: 1.4676729380944982
  driven_any_median: 1.4676729380944982
  driven_any_min: 1.4676729380944982
  driven_any_max: 1.4676729380944982
  driven_lanedir_mean: 0.0
  driven_lanedir_median: 0.0
  driven_lanedir_min: 0.0
  driven_lanedir_max: 0.0
  driven_lanedir_consec_mean: 0.0
  driven_lanedir_consec_median: 0.0
  driven_lanedir_consec_min: 0.0
  driven_lanedir_consec_max: 0.0
  survival_time_mean: 12.850000000000048
  survival_time_median: 12.850000000000048
  survival_time_min: 12.850000000000048
  survival_time_max: 12.850000000000048
  distance-from-start_mean: 1.3649489750159873
  distance-from-start_median: 1.3649489750159873
  distance-from-start_min: 1.3649489750159873
  distance-from-start_max: 1.3649489750159873
  simulation-passed: 1
stats: {}
ipfs_hashes: {}
